9.64883841906e-05
9.60469915518e-05
9.55852539968e-05
9.50978732455e-05
9.46245799345e-05
9.42191423601e-05
9.38760605955e-05
9.36197771997e-05
9.34226142694e-05
9.3306905195e-05

9.33034074596e-05
9.33967230041e-05
9.35293300424e-05
9.37657123069e-05
9.40531374446e-05
9.43922335282e-05
9.47991765698e-05
9.52866586879e-05
9.58461094661e-05
9.63678105395e-05

9.68503368468e-05
9.72759103889e-05
9.76797096687e-05
9.81317820427e-05
9.86746162454e-05
9.92434997158e-05
9.98169083605e-05
0.000100507141775
0.000101351981178
0.000102230240345

0.000103118277795
0.000104049167604
0.000104925749382
0.000105730812682
0.000106477705556
0.000107163196695
0.000107863381594
0.000108605789831
0.000109432738462
0.000110358637585

0.000111377381663
0.000112382426463
0.000113272312768
0.000114018660449
0.000114598352607
0.000115016779945
0.000115339577978
0.000115716958081
0.00011619612881
0.000116780168689

0.000117528046546
0.000118263679633
0.000118989451419
0.000119598419782
0.000120014459756
0.000120315382285
0.000120532971574
0.000120700468409
0.000120812748448
0.000120949009231

0.000121154537618
0.000121461524511
0.00012196785077
0.000122659408421
0.000123533189169
0.000124575351348
0.000125596262856
0.000126494610182
0.000127186844766
0.000127649145505

0.000127921492427
0.000128157824938
0.000128382467171
0.000128537496074
0.000128626322773
0.000128644711642
0.000128650477234
0.000128685415872
0.00012876456603
0.000128923184664

0.000129188073016
0.000129521899199
0.000129882623057
0.000130251254588
0.000130580387387
0.000130824489467
0.000131069456941
0.000131404767374
0.000131867340702
0.000132320343358

0.000132688113049
0.000132927078442
0.000133022128698
0.000133046226232
0.000133073581283
0.000133181234362
0.000133415547183
0.000133802891185
0.000134300815549
0.000134807953311

0.00013524334594
0.000135457606498
0.000135360503567
0.000134917956807
0.000134243217303
0.000133525232688
0.000132918572008
0.000132506205983
0.00013237860398
0.000132476365053

0.000132745064309
0.000133091067393
0.000133500022165
0.000133911308649
0.000134257605117
0.000134526373106
0.000134689503014
0.000134742019059
0.000134702109523
0.000134593596388

0.000134400364516
0.000134201374942
0.000134033486424
0.000133920647652
0.000133877688706
0.000133884904046
0.000133913596076
0.000133956997277
0.000133989835123
0.000133997254926

0.00013398673726
0.000133918746196
0.000133764822333
0.000133550180645
0.000133318334712
0.000133086937625
0.000132890322326
0.000132742251434
0.000132656648504
0.000132613810723

0.00013261364332
0.000132622357555
0.000132634539024
0.000132657524594
0.000132650190674
0.000132632931645
0.000132614438781
0.000132597031186
0.000132578739285
0.000132568950058

0.000132602030862
0.000132695409076
0.000132844355986
0.000133034051997
0.000133260154335
0.000133520555966
0.00013381128419
0.000134117901725
0.000134440591546
0.000134768679159

0.000135116579241
0.000135485143314
0.00013588419061
0.000136313404442
0.000136764455068
0.000137217428865
0.000137660197918
0.000138079404572
0.000138453690578
0.000138805502118

0.000139157145139
0.000139564783785
0.000140008744675
0.000140482766593
0.000140967899885
0.000141439097209
0.00014187490714
0.000142308406382
0.000142738411413
0.000143215644588

0.000143680581081
0.000144156007799
0.000144593696666
0.000144942386063
0.000145196825161
0.000145493109725
0.00014583196254
0.000146210663452
0.000146606769158
0.00014704911094

0.000147575290707
0.000148169905508
0.000148787861073
0.00014937903106
0.000149912288346
0.000150459813954
0.0001509948125
0.000151551735271
0.000152132029507
0.000152703960342

0.000153266220283
0.000153826601626
0.000154384032829
0.000154968797046
0.000155529679375
0.00015605306681
0.00015650867859
0.000156883802416
0.000157243630872
0.000157549062694

0.000157754050129
0.000157897396257
0.000158089048093
0.000158342646636
0.000158517626755
0.000158664656799
0.000158883840731
0.000159133593307
0.000159365150241
0.00015963939866

0.000159927372989
0.000160165402403
0.000160376995992
0.00016061687741
0.000160894723793
0.00016113077256
0.000161259792294
0.000161315161303
0.000161413265467
0.000161448452431

0.000161403659404
0.000161393676925
0.000161349428748
0.000161247750402
0.000161191516225
0.000161172633729
0.000161151366153
0.000161160544684
0.000161172020112
0.000161122986877

0.000161140497086
0.000161168612392
0.000161218064441
0.000161314458256
0.000161434715089
0.000161496783568
0.000161462241244
0.000161373378945
0.000161228733602
0.000161006360856

0.000160816207107
0.000160556922472
0.000160236188226
0.000159836179311
0.000159355749909
0.000158901415877
0.000158464483686
0.00015800374136
0.00015751484903
0.000157084793565

0.00015671464057
0.000156364747672
0.000156010844606
0.000155656070658
0.000155298942761
0.000154881957444
0.000154436216662
0.000153946072258
0.000153470587888
0.000153027324693

0.00015252841901
0.000152011614902
0.000151529183064
0.000151078203081
0.000150591420554
0.000150092221857
0.000149653546827
0.000149241069625
0.000148810284289
0.000148364656347

0.000147908042583
0.00014746330021
0.00014707484617
0.000146725840258
0.000146409136029
0.000146128398676
0.00014593105106
0.000145777311415
0.000145658165556
0.000145604550042

0.000145644933119
0.000145717219918
0.000145836919965
0.000145994745038
0.000146142374685
0.000146265449764
0.000146377512076
0.000146488224643
0.000146621667452
0.000146799641676
  
0.000147009017241
0.000147263538239
0.000147566195396
0.000147930017922
0.000148343493249
0.000148807822878
0.00014931249838
0.000149841965803
0.000150380274964
0.000150938416619
   
0.000151521698366
0.00015211045168
0.000152687829303
0.000153261095171
0.000153830110794
0.000154410701952
0.0001550101266
0.000155651750854
0.000156327532181
0.000157033052533
  
0.000157767392547
0.000158524600745
0.000159295943878
0.000160090046361
0.000160900313251
0.000161694420003
0.000162456130709
0.000163216826813
0.000163973640795
0.000164721852547
   
0.000165475946287
0.000166274289443
0.00016708593318
0.000167880422832
0.000168655998406
0.000169403926624
0.000170113685026
0.000170773226226
0.000171380710668
0.000171963895348
  
0.00017254568045
0.000173140496971
0.000173735561406
0.000174318614571
0.000174879530025
0.000175411750907
0.000175905092702
0.000176406144801
0.000176949969823
0.00017754200036
  
0.000178196993148
0.000178830703893
0.000179430737749
0.00017996234431
0.000180395875572
0.000180728675766
0.000180932465223
0.000181025079619
0.000181031941251
0.000181049962993
  
0.000181158079071
0.000181384894343
0.000181743991404
0.000182188838461
0.00018267391789
0.000183151816537
0.000183579419549
0.000183925149026
0.000184167782652
0.000184331771739
 
0.000184443027294
0.000184535817978
0.000184611960626
0.000184637095146
0.00018460204402
0.000184489379682
0.000184317467418
0.000184111508155
0.000183934180917
0.000183813182384
  
0.00018373076704
0.000183673601477
0.000183620867371
0.000183572156488
0.000183499657624
0.000183409703286
0.000183316531125
0.000183268343262
0.000183261742236
0.000183233625421
  
0.000183134609527
0.000182979809837
0.000182750845669
0.000182455220586
0.000182145343959
0.000181872542805
0.000181686135474
0.000181576094655
0.000181501120486
0.000181390221797
 
0.000181172356894
0.000180817507703
0.000180346004691
0.000179798300461
0.000179248168246
0.000178771579277
0.000178388648801
0.000178102351151
0.000177908486922
0.000177777696306
  
0.000177690007599
0.000177633738978
0.000177586889059
0.000177535047892
0.000177472907978
0.000177403726636
0.000177284708365
0.000177134993202
0.000176969563651
0.000176797415736
  
0.000176632324849
0.000176494788144
0.00017638027064
0.000176302443272
0.000176271658782
0.000176271611411
0.000176290020265
0.000176331253782
0.00017636977793
0.000176409184415
   
0.000176446537412
0.000176478283838
0.000176498535938
0.00017651907192
0.000176548536449
0.000176593858504
0.000176654420925
0.000176741391751
0.000176862349941
0.000177008904426
  
0.000177182925949
0.000177376431462
0.000177594916627
0.000177831737363
0.000178079331023
0.000178336810363
0.000178603384729
0.000178885317693
0.00017919384654
0.000179536889241
  
0.000179920134271
0.000180346921858
0.000180816536082
0.000181326728488
0.000181871089333
0.000182442594345
0.00018303423855
0.000183636111885
0.000184245937699
0.00018486355618
  
0.000185495079013
0.000186142355142
0.000186804692518
0.000187474750665
0.000188146706841
0.000188824378077
0.000189503766923
0.000190184284514
0.000190859299036
0.000191533928735
  
0.000192216136192
0.000192921675903
0.00019363562079
0.000194355129293
0.00019506629822
0.000195753902655
0.000196421494416
0.000197076351126
0.000197715462353
0.000198355113834
   
0.000198987152816
0.000199626113382
0.000200239157129
0.000200817688945
0.000201361684616
0.000201901872077
0.000202442249692
0.000202982172133
0.000203494138415
0.000203997741031
  
0.000204505430577
0.000205005660061
0.000205483487931
0.00020593673337
0.000206364615143
0.000206772828071
0.000207152030039
0.000207512188371
0.00020787080428
0.000208208860439
  
0.000208518968382
0.000208805734636
0.000209069457037
0.000209321282766
0.000209533056569
0.000209726555064
0.000209884477211
0.000209987100441
0.000210064221638
0.000210123019556
  
0.000210131388283
0.000210096175271
0.000210085608443
0.000210090925947
0.000210069870219
0.000210033486048
0.000210016789504
0.000209984102473
0.000209927315261
0.000209858873954
  
0.000209788433653
0.000209684556144
0.000209569807386
0.000209454931352
0.000209332524068
0.000209183644971
0.000208972655324
0.000208703451203
0.000208439472037
0.000208158872167
 
0.000207843688058
0.000207536392385
0.000207214160749
0.000206869066215
0.000206519332529
0.000206168843103
0.000205799504081
0.000205441535723
0.000205093256677
0.000204743586287
  
0.000204424375888
0.000204139141662
0.000203862538583
0.000203599218391
0.000203315431761
0.000203003403321
0.000202640169294
0.000202268016714
0.000201876742345
0.0002014767936
   
0.000201133928098
0.00020077987725
0.00020043769247
0.000200091112934
0.000199708395853
0.000199342550838
0.000198985721179
0.000198604554028
0.000198217617325
0.000197859977304
  
0.000197528663049
0.000197210732942
0.000196905364512
0.000196624040768
0.000196378585975
0.000196132779925
0.000195908849976
0.000195684445182
0.000195476881689
0.000195294001903
  
0.000195098295347
0.00019492181862
0.000194774638367
0.000194656861738
0.000194542776233
0.000194447342379
0.000194380658993
0.000194332730839
0.000194294837568
0.000194270290173
  
0.000194247668963
0.000194225405849
0.000194219978107
0.000194232963009
0.00019427043337
0.000194327369073
0.00019441089947
0.000194530966362
0.000194686428095
0.000194892657319
   
0.000195151013742
0.000195448960462
0.000195774920556
0.000196122283516
0.000196471711925
0.000196814426398
0.00019715186203
0.000197488469778
0.000197832071188
0.000198189496554

