 3.31061946902655e+001   -1.66666666666666e-003
 3.32300884955752e+001   -4.44444444444445e-003
 3.33805309734513e+001   -6.66666666666666e-003
 3.35132743362832e+001   -8.88888888888889e-003
 3.36637168141593e+001   -1.11111111111111e-002
 3.37964601769912e+001   -1.16666666666667e-002
 3.39292035398230e+001   -1.07407407407407e-002
 3.40796460176991e+001   -5.92592592592592e-003
 3.42123893805310e+001    8.33333333333333e-003
 3.43539823008850e+001    2.11111111111111e-002
 3.45044247787611e+001    1.07407407407407e-002
 3.46371681415929e+001    5.18518518518519e-003
 3.47787610619469e+001    4.07407407407407e-003
 3.49203539823009e+001    2.03703703703704e-003
 3.50530973451327e+001   -5.55555555555552e-004
 3.51946902654867e+001   -3.33333333333333e-003
 3.53362831858407e+001   -5.92592592592592e-003
 3.54778761061947e+001   -8.51851851851852e-003
 3.56194690265487e+001   -1.11111111111111e-002
 3.57610619469027e+001   -1.20370370370370e-002
 3.59026548672566e+001   -1.14814814814815e-002
 3.60353982300885e+001   -8.14814814814815e-003
 3.61769911504425e+001    3.51851851851852e-003
 3.63185840707965e+001    2.03703703703704e-002
 3.64601769911504e+001    1.46296296296296e-002
 3.65929203539823e+001    6.48148148148148e-003
 3.67345132743363e+001    4.44444444444444e-003
 3.68849557522124e+001    2.77777777777778e-003
 3.70176991150442e+001    1.85185185185188e-004
 3.71592920353982e+001   -2.22222222222222e-003
 3.73008849557522e+001   -5.00000000000000e-003
 3.74424778761062e+001   -7.40740740740741e-003
 3.75840707964602e+001   -1.00000000000000e-002
 3.77256637168142e+001   -1.16666666666667e-002
 3.78584070796460e+001   -1.14814814814815e-002
 3.80000000000000e+001   -9.44444444444445e-003
 3.81327433628319e+001   -7.40740740740740e-004
 3.82831858407080e+001    1.64814814814815e-002
 3.84159292035398e+001    1.88888888888889e-002
 3.85575221238938e+001    7.77777777777778e-003
 3.86991150442478e+001    4.44444444444444e-003
 3.88407079646018e+001    3.33333333333333e-003
 3.89911504424779e+001    7.40740740740743e-004
