 3.30000000000000e+001   -8.66359447004608e-003
 3.31415929203540e+001    1.65898617511521e-003
 3.32831858407080e+001    2.23041474654378e-002
 3.34247787610619e+001    1.67741935483871e-002
 3.35752212389381e+001    1.65898617511521e-003
 3.37079646017699e+001   -7.37327188940092e-004
 3.38495575221239e+001    2.39631336405530e-003
 3.39911504424779e+001    3.31797235023041e-003
 3.41238938053097e+001   -7.37327188940092e-004
 3.42654867256637e+001   -4.60829493087558e-003
 3.43982300884956e+001   -6.82027649769585e-003
 3.45398230088496e+001   -7.55760368663594e-003
 3.46902654867257e+001   -9.21658986175115e-003
 3.48230088495575e+001   -9.95391705069124e-003
 3.49646017699115e+001   -9.03225806451613e-003
 3.50973451327434e+001   -2.39631336405530e-003
 3.52389380530973e+001    1.60368663594470e-002
 3.53805309734513e+001    2.26728110599078e-002
 3.55221238938053e+001    3.68663594470046e-003
 3.56637168141593e+001   -1.65898617511521e-003
 3.58053097345133e+001    7.37327188940092e-004
 3.59469026548673e+001    3.31797235023041e-003
 3.60796460176991e+001    1.29032258064516e-003
 3.62300884955752e+001   -3.50230414746544e-003
 3.63716814159292e+001   -6.26728110599078e-003
 3.65044247787611e+001   -7.18894009216590e-003
 3.66460176991150e+001   -9.03225806451613e-003
 3.67876106194690e+001   -9.95391705069124e-003
 3.69292035398230e+001   -9.40092165898618e-003
 3.70619469026549e+001   -5.52995391705069e-003
 3.72035398230089e+001    9.40092165898618e-003
 3.73451327433628e+001    2.59907834101382e-002
 3.74867256637168e+001    8.29493087557604e-003
 3.76283185840708e+001   -1.29032258064516e-003
 3.77522123893805e+001   -3.68663594470046e-004
 3.79026548672566e+001    2.76497695852535e-003
 3.80530973451327e+001    2.21198156682028e-003
 3.81858407079646e+001   -2.39631336405530e-003
 3.83274336283186e+001   -5.34562211981567e-003
 3.84690265486726e+001   -6.82027649769585e-003
 3.86106194690265e+001   -7.92626728110599e-003
 3.87522123893805e+001   -9.40092165898618e-003
 3.89026548672566e+001   -9.58525345622120e-003
