 3.30088495575221e+001   -4.97695852534562e-003
 3.31504424778761e+001    3.50230414746544e-003
 3.32920353982301e+001    1.19815668202765e-002
 3.34247787610619e+001    1.19815668202765e-002
 3.35663716814159e+001    1.65898617511521e-003
 3.37079646017699e+001   -7.74193548387097e-003
 3.38495575221239e+001   -8.29493087557604e-003
 3.39823008849558e+001   -7.37327188940092e-003
 3.41327433628319e+001   -9.21658986175115e-003
 3.42654867256637e+001   -7.55760368663594e-003
 3.44070796460177e+001    2.76497695852535e-003
 3.45486725663717e+001    1.23502304147465e-002
 3.46814159292035e+001    8.66359447004608e-003
 3.48318584070796e+001   -2.39631336405530e-003
 3.49646017699115e+001   -5.89861751152074e-003
 3.51061946902655e+001    3.68663594470046e-004
 3.52477876106195e+001    1.05069124423963e-002
 3.53893805309735e+001    1.34562211981567e-002
 3.55309734513274e+001    4.60829493087558e-003
 3.56637168141593e+001   -6.45161290322581e-003
 3.58053097345133e+001   -8.66359447004608e-003
 3.59557522123894e+001   -7.18894009216590e-003
 3.60884955752212e+001   -8.66359447004608e-003
 3.62300884955752e+001   -9.03225806451613e-003
 3.63628318584071e+001   -1.29032258064516e-003
 3.65044247787611e+001    9.58525345622120e-003
 3.66460176991150e+001    1.10599078341014e-002
 3.67876106194690e+001    7.37327188940092e-004
 3.69292035398230e+001   -5.16129032258065e-003
 3.70707964601770e+001   -1.84331797235023e-003
 3.72035398230089e+001    6.45161290322581e-003
 3.73539823008850e+001    1.32718894009217e-002
 3.74955752212389e+001    8.47926267281106e-003
 3.76194690265487e+001   -3.13364055299539e-003
 3.77610619469027e+001   -8.47926267281106e-003
 3.79203539823009e+001   -7.37327188940092e-003
 3.80530973451327e+001   -8.29493087557604e-003
 3.81946902654867e+001   -9.95391705069124e-003
 3.83185840707965e+001   -5.34562211981567e-003
 3.84690265486726e+001    6.45161290322581e-003
 3.86106194690265e+001    1.23502304147465e-002
 3.87433628318584e+001    4.23963133640553e-003
 3.88938053097345e+001   -4.60829493087558e-003
