 3.31061946902655e+001    4.22018348623853e-003
 3.32477876106195e+001   -7.33944954128440e-004
 3.33893805309735e+001   -4.58715596330275e-003
 3.35309734513274e+001   -8.25688073394495e-003
 3.36725663716814e+001   -1.00917431192661e-002
 3.38141592920354e+001   -1.15596330275229e-002
 3.39469026548673e+001   -1.04587155963303e-002
 3.40796460176991e+001   -8.07339449541284e-003
 3.42212389380531e+001   -3.48623853211009e-003
 3.43628318584071e+001    3.11926605504587e-003
 3.45044247787611e+001    1.00917431192661e-002
 3.46548672566372e+001    1.37614678899083e-002
 3.47876106194690e+001    1.30275229357798e-002
 3.49292035398230e+001    9.72477064220184e-003
 3.50707964601770e+001    5.68807339449541e-003
 3.52035398230089e+001    1.10091743119266e-003
 3.53451327433628e+001   -3.85321100917431e-003
 3.54867256637168e+001   -7.15596330275229e-003
 3.56283185840708e+001   -9.72477064220184e-003
 3.57699115044248e+001   -1.15596330275229e-002
 3.59026548672566e+001   -1.11926605504587e-002
 3.60442477876106e+001   -9.54128440366973e-003
 3.61858407079646e+001   -4.95412844036697e-003
 3.63274336283186e+001    9.17431192660551e-004
 3.64690265486726e+001    8.07339449541284e-003
 3.66106194690265e+001    1.33944954128440e-002
 3.67522123893805e+001    1.35779816513761e-002
 3.68761061946903e+001    1.11926605504587e-002
 3.70265486725664e+001    7.15596330275229e-003
 3.71592920353982e+001    2.38532110091743e-003
 3.73008849557522e+001   -2.20183486238532e-003
 3.74513274336283e+001   -6.42201834862385e-003
 3.75929203539823e+001   -9.35779816513762e-003
 3.77256637168142e+001   -1.11926605504587e-002
 3.78584070796460e+001   -1.13761467889908e-002
 3.80088495575221e+001   -9.90825688073395e-003
 3.81415929203540e+001   -6.42201834862385e-003
 3.82743362831858e+001   -9.17431192660551e-004
 3.84247787610619e+001    6.05504587155963e-003
 3.85575221238938e+001    1.22935779816514e-002
 3.86991150442478e+001    1.39449541284404e-002
 3.88407079646018e+001    1.15596330275229e-002
 3.89911504424779e+001    8.25688073394495e-003
