 3.30796460176991e+001   -1.38248847926267e-003
 3.32300884955752e+001   -9.21658986175120e-005
 3.33628318584071e+001    2.76497695852536e-004
 3.35044247787611e+001    2.76497695852536e-004
 3.36460176991150e+001    9.21658986175120e-005
 3.37876106194690e+001   -1.75115207373272e-003
 3.39292035398230e+001   -3.77880184331797e-003
 3.40707964601770e+001    2.76497695852536e-004
 3.42035398230089e+001    1.26267281105991e-002
 3.43451327433628e+001    2.00000000000000e-002
 3.44867256637168e+001    5.06912442396313e-003
 3.46283185840708e+001   -1.04147465437788e-002
 3.47699115044248e+001   -1.29953917050691e-002
 3.49115044247788e+001   -6.91244239631336e-003
 3.50530973451327e+001   -1.93548387096774e-003
 3.51946902654867e+001   -9.21658986175120e-005
 3.53274336283186e+001    1.01382488479262e-003
 3.54690265486726e+001    8.29493087557601e-004
 3.56106194690265e+001    4.60829493087556e-004
 3.57522123893805e+001   -1.38248847926267e-003
 3.58938053097345e+001   -3.59447004608295e-003
 3.60265486725664e+001   -1.93548387096774e-003
 3.61769911504425e+001    8.38709677419355e-003
 3.63185840707965e+001    2.03686635944700e-002
 3.64513274336283e+001    1.17050691244240e-002
 3.65929203539823e+001   -6.17511520737327e-003
 3.67345132743363e+001   -1.31797235023041e-002
 3.68672566371681e+001   -9.30875576036866e-003
 3.70088495575221e+001   -3.77880184331797e-003
 3.71415929203540e+001   -6.45161290322580e-004
 3.72920353982301e+001    1.01382488479262e-003
 3.74336283185841e+001    1.01382488479262e-003
 3.75752212389381e+001    4.60829493087556e-004
 3.77168141592920e+001   -8.29493087557604e-004
 3.78584070796460e+001   -3.41013824884793e-003
 3.79911504424779e+001   -3.41013824884793e-003
 3.81238938053097e+001    4.33179723502304e-003
 3.82654867256637e+001    1.77880184331797e-002
 3.84070796460177e+001    1.72350230414747e-002
 3.85575221238938e+001   -1.19815668202765e-003
 3.86991150442478e+001   -1.28110599078341e-002
 3.88318584070796e+001   -1.15207373271889e-002
 3.89734513274336e+001   -5.43778801843318e-003
