 3.30088626292467e+001    7.55760368663594e-003
 3.31506646971935e+001    8.66359447004608e-003
 3.32924667651403e+001    1.21658986175115e-002
 3.34254062038405e+001    1.14285714285714e-002
 3.35583456425406e+001    1.84331797235023e-004
 3.37090103397341e+001   -1.06912442396313e-002
 3.38508124076809e+001   -1.12442396313364e-002
 3.39837518463811e+001   -3.87096774193548e-003
 3.41255539143279e+001    4.23963133640553e-003
 3.42673559822747e+001    5.89861751152074e-003
 3.44091580502216e+001   -2.94930875576037e-003
 3.45509601181684e+001   -1.21658986175115e-002
 3.46838995568685e+001   -1.12442396313364e-002
 3.48257016248154e+001   -1.10599078341014e-003
 3.49763663220089e+001    6.82027649769585e-003
 3.51093057607090e+001    7.74193548387097e-003
 3.52511078286558e+001    1.05069124423963e-002
 3.53929098966027e+001    1.32718894009217e-002
 3.55347119645495e+001    4.60829493087558e-003
 3.56765140324963e+001   -7.92626728110599e-003
 3.58094534711965e+001   -1.23502304147465e-002
 3.59601181683900e+001   -6.63594470046083e-003
 3.60930576070901e+001    1.84331797235023e-003
 3.62437223042836e+001    6.63594470046083e-003
 3.63677991137371e+001    7.37327188940092e-004
 3.65184638109306e+001   -9.95391705069124e-003
 3.66602658788774e+001   -1.27188940092166e-002
 3.67843426883309e+001   -4.79262672811060e-003
 3.69350073855244e+001    5.52995391705069e-003
 3.70679468242245e+001    7.55760368663594e-003
 3.72097488921713e+001    9.40092165898618e-003
 3.73515509601182e+001    1.32718894009217e-002
 3.75022156573117e+001    8.66359447004608e-003
 3.76351550960118e+001   -4.23963133640553e-003
 3.77680945347120e+001   -1.25345622119816e-002
 3.79187592319055e+001   -9.76958525345622e-003
 3.80605612998523e+001   -9.21658986175115e-004
 3.81846381093058e+001    6.08294930875576e-003
 3.83353028064993e+001    3.68663594470046e-003
 3.84682422451994e+001   -6.45161290322581e-003
 3.86189069423929e+001   -1.34562211981567e-002
 3.87607090103397e+001   -8.29493087557604e-003
 3.88936484490399e+001    2.76497695852535e-003
