 3.30530973451327e+001   -2.94930875576037e-003
 3.31946902654867e+001   -8.47926267281106e-003
 3.33362831858407e+001   -1.25345622119816e-002
 3.34690265486726e+001   -1.03225806451613e-002
 3.36017699115044e+001    0.00000000000000e+000
 3.37433628318584e+001    1.36405529953917e-002
 3.38849557522124e+001    1.69585253456221e-002
 3.40265486725664e+001    5.89861751152074e-003
 3.41769911504425e+001   -5.52995391705069e-003
 3.43097345132743e+001   -5.52995391705069e-003
 3.44513274336283e+001    2.94930875576037e-003
 3.45929203539823e+001    6.26728110599078e-003
 3.47345132743363e+001    2.21198156682028e-003
 3.48672566371681e+001   -3.68663594470046e-004
 3.50000000000000e+001   -1.47465437788018e-003
 3.51415929203540e+001   -5.71428571428571e-003
 3.53008849557522e+001   -1.16129032258065e-002
 3.54247787610619e+001   -1.17972350230415e-002
 3.55752212389381e+001   -3.50230414746544e-003
 3.57079646017699e+001    9.03225806451613e-003
 3.58495575221239e+001    1.65898617511521e-002
 3.59911504424779e+001    1.10599078341014e-002
 3.61327433628319e+001   -2.76497695852535e-003
 3.62654867256637e+001   -7.00460829493088e-003
 3.63982300884956e+001   -1.84331797235023e-004
 3.65575221238938e+001    6.08294930875576e-003
 3.66902654867257e+001    3.13364055299539e-003
 3.68230088495575e+001    0.00000000000000e+000
 3.69734513274336e+001   -3.68663594470046e-004
 3.71061946902655e+001   -4.42396313364055e-003
 3.72477876106195e+001   -1.06912442396313e-002
 3.73893805309735e+001   -1.25345622119816e-002
 3.75309734513274e+001   -7.37327188940092e-003
 3.76725663716814e+001    4.42396313364055e-003
 3.78141592920354e+001    1.64055299539171e-002
 3.79557522123894e+001    1.40092165898618e-002
 3.80973451327434e+001    3.68663594470046e-004
 3.82212389380531e+001   -7.18894009216590e-003
 3.83716814159292e+001   -3.13364055299539e-003
 3.85044247787611e+001    5.89861751152074e-003
 3.86460176991150e+001    4.79262672811060e-003
 3.87964601769911e+001   -3.68663594470046e-004
 3.89469026548673e+001   -3.68663594470046e-004
