 3.31327433628319e+001   -5.52995391705069e-004
 3.32831858407080e+001   -4.23963133640553e-003
 3.34159292035398e+001   -7.18894009216590e-003
 3.35575221238938e+001   -8.29493087557604e-003
 3.36991150442478e+001   -7.18894009216590e-003
 3.38407079646018e+001   -5.52995391705069e-003
 3.39734513274336e+001   -2.39631336405530e-003
 3.41150442477876e+001    8.11059907834101e-003
 3.42566371681416e+001    2.23041474654378e-002
 3.43982300884956e+001    1.32718894009217e-002
 3.45398230088496e+001   -5.71428571428571e-003
 3.46814159292035e+001   -8.66359447004608e-003
 3.48141592920354e+001   -1.29032258064516e-003
 3.49557522123894e+001    4.05529953917051e-003
 3.51061946902655e+001    1.10599078341014e-003
 3.52477876106195e+001   -2.94930875576037e-003
 3.53893805309735e+001   -6.26728110599078e-003
 3.55221238938053e+001   -7.74193548387097e-003
 3.56637168141593e+001   -7.18894009216590e-003
 3.57964601769911e+001   -6.08294930875576e-003
 3.59380530973451e+001   -3.87096774193548e-003
 3.60796460176991e+001    3.87096774193548e-003
 3.62212389380531e+001    1.88018433179724e-002
 3.63628318584071e+001    1.99078341013825e-002
 3.65044247787611e+001   -7.37327188940092e-004
 3.66460176991150e+001   -9.58525345622120e-003
 3.67876106194690e+001   -4.05529953917051e-003
 3.69292035398230e+001    3.13364055299539e-003
 3.70707964601770e+001    2.39631336405530e-003
 3.72035398230089e+001   -1.84331797235023e-003
 3.73451327433628e+001   -5.16129032258065e-003
 3.74867256637168e+001   -7.37327188940092e-003
 3.76194690265487e+001   -7.55760368663594e-003
 3.77699115044248e+001   -6.82027649769585e-003
 3.79026548672566e+001   -4.97695852534562e-003
 3.80442477876106e+001    5.52995391705069e-004
 3.81858407079646e+001    1.40092165898618e-002
 3.83185840707965e+001    2.34101382488479e-002
 3.84601769911504e+001    4.23963133640553e-003
 3.86106194690265e+001   -8.66359447004608e-003
 3.87433628318584e+001   -6.63594470046083e-003
 3.88938053097345e+001    1.29032258064516e-003
